000000000000000000000000000000000000000000000000000000000011111
000000000000000000000000000000000000000000000000000000000011111
000000000000000000000000000000000000000000000000000000000011111
000000000000000000000000000000000000000000000000000000000011111
000000000000000000000000000000000000000000000000000000000011111
000000000000000000000000000000000000000000000000000000000011111
000000000000000000000000000000000000000000000000000000000011111
000000000000000000000000000000000000000000000000000000000011111
000000000000000000000000000000000000000000000000000000000011111
000000000000000000000000000000000000000000000000000000000011111
000000000000000000000000000000000000000000000000000000000011111
000000000000000000000000000000000000000000000000000000000111111
000000000000000000000000000000000000000000000000000000000111110
000000000000000000000000000000000000000000000000000000000111110
000000000000000000000000000000000000000000000000000000000111110
000000000000000000000000000000000000000000000000000000000111110
000000000000000000000000000000000000000000000000000000001111100
000000000000000000000000000000000000000000000000000000001111100
000000000000000000000000000000000000000000000000000000001111100
000000000000000000000000000000000000000000000000000000011111100
000000000000000000000000000000000000000000000000000000011111000
000000000000000000000000000000000000000000000000000000011111000
000000000000000000000000000000000000000000000000000000111111000
000000000000000000000000000000000000000000000000000000111110000
000000000000000000000000000000000000000000000000000001111110000
000000000000000000000000000000000000000000000000000001111100000
000000000000000000000000000000000000000000000000000011111100000
000000000000000000000000000000000000000000000000000011111000000
000000000000000000000000000000000000000000000000000111111000000
000000000000000000000000000000000000000000000000000111110000000
000000000000000000000000000000000000000000000000001111110000000
000000000000000000000000000000000000000000000000001111100000000
000000000000000000000000000000000000000000000000011111100000000
000000000000000000000000000000000000000000000000111111000000000
000000000000000000000000000000000000000000000001111111000000000
000000000000000000000000000000000000000000000001111110000000000
000000000000000000000000000000000000000000000011111100000000000
000000000000000000000000000000000000000000000111111000000000000
000000000000000000000000000000000000000000001111111000000000000
000000000000000000000000000000000000000000011111110000000000000
000000000000000000000000000000000000000000111111100000000000000
000000000000000000000000000000000000000000111111000000000000000
000000000000000000000000000000000000000011111110000000000000000
000000000000000000000000000000000000000111111110000000000000000
000000000000000000000000000000000000001111111100000000000000000
000000000000000000000000000000000000011111111000000000000000000
000000000000000000000000000000000000111111110000000000000000000
000000000000000000000000000000000011111111000000000000000000000
000000000000000000000000000000000111111110000000000000000000000
000000000000000000000000000000001111111100000000000000000000000
000000000000000000000000000000111111111000000000000000000000000
000000000000000000000000000011111111100000000000000000000000000
000000000000000000000000001111111111000000000000000000000000000
000000000000000000000000111111111110000000000000000000000000000
000000000000000000000011111111111000000000000000000000000000000
000000000000000000011111111111100000000000000000000000000000000
000000000000000011111111111110000000000000000000000000000000000
000000000001111111111111111000000000000000000000000000000000000
111111111111111111111111100000000000000000000000000000000000000
111111111111111111111110000000000000000000000000000000000000000
111111111111111111110000000000000000000000000000000000000000000
111111111111111100000000000000000000000000000000000000000000000
111111111111000000000000000000000000000000000000000000000000000
